20150103
20150106
20150109
20150112
20150115
20150118
20150121
20150124
20150127
20150130
20150202
20150205
20150208
20150211
20150214
20150217
20150220
20150223
20150226
20150301
20150304
20150307
20150310
20150313
20150316
20150319
20150322
20150325
20150328
20150331
20150403
20150406
20150409
20150412
20150415
20150418
20150421
20150424
20150427
20150430
20150503
20150506
20150509
20150512
20150515
20150518
20150521
20150524
20150527
20150602
20150605
20150608
20150611
20150614
20150617
20150620
20150623
20150626
20150629
20150702
20150705
20150708
20150711
20150714
20150717
20150720
20150723
20150726
20150729
20150801
20150804
20150807
20150810
20150813
20150816
20150819
20150822
20150825
20150828
20150831
20150903
20150906
20150909
20150912
20150915
20150918
20150921
20150924
20150927
20150930
20151003
20151006
20151009
20151012
20151015
20151018
20151021
20151024
20151027
20151030
20151102
20151105
20151108
20151111
20151114
20151117
20151120
20151123
20151126
20151129
20151202
20151205
20151208
20151211
20151214
20151217
20151220
20151223
20151226
20151229
